3.800000,5.000000,3.508000,4.778000,4.778000,93831500
5.158000,6.084000,4.660000,4.766000,4.766000,85935500
5.000000,5.184000,4.054000,4.392000,4.392000,41094000
4.600000,4.620000,3.742000,3.840000,3.840000,25699000
4.000000,4.000000,3.166000,3.222000,3.222000,34334500
3.280000,3.326000,2.996000,3.160000,3.160000,34608500
3.228000,3.504000,3.114000,3.492000,3.492000,38557000
3.516000,3.580000,3.310000,3.480000,3.480000,20253000
3.590000,3.614000,3.400000,3.410000,3.410000,11012500
3.478000,3.728000,3.380000,3.628000,3.628000,13400500
3.588000,4.030000,3.552000,3.968000,3.968000,20976000
3.988000,4.300000,3.800000,3.978000,3.978000,18699000
4.140000,4.260000,4.010000,4.128000,4.128000,13106500
4.274000,4.450000,4.184000,4.382000,4.382000,12432500
4.370000,4.370000,4.010000,4.060000,4.060000,9126500
4.132000,4.180000,3.900000,4.044000,4.044000,6262500
4.100000,4.250000,4.074000,4.200000,4.200000,4789000
4.238000,4.312000,4.212000,4.258000,4.258000,3268000
4.300000,4.300000,4.060000,4.190000,4.190000,4611000
4.182000,4.236000,4.052000,4.110000,4.110000,3098500
4.110000,4.180000,4.102000,4.144000,4.144000,2336000
4.154000,4.176000,4.000000,4.070000,4.070000,3080000
4.040000,4.088000,3.910000,3.988000,3.988000,2134500
4.100000,4.194000,4.066000,4.184000,4.184000,3590500
4.200000,4.390000,4.164000,4.390000,4.390000,6152500
4.390000,4.436000,4.170000,4.252000,4.252000,4565000
4.308000,4.310000,4.010000,4.090000,4.090000,3981000
4.020000,4.032000,3.904000,3.918000,3.918000,3709500
3.980000,3.996000,3.890000,3.920000,3.920000,4063500
3.930000,3.930000,3.764000,3.806000,3.806000,6406500
3.738000,3.776000,3.570000,3.580000,3.580000,3988000
3.560000,3.580000,3.478000,3.520000,3.520000,3455000
3.636000,3.690000,3.532000,3.664000,3.664000,3170000
3.690000,3.760000,3.652000,3.756000,3.756000,2429000
3.792000,3.880000,3.756000,3.830000,3.830000,2239500
3.918000,3.918000,3.720000,3.754000,3.754000,3006500
3.708000,3.850000,3.666000,3.758000,3.758000,2895500
3.730000,3.822000,3.702000,3.820000,3.820000,1480000
3.818000,4.078000,3.800000,4.026000,4.026000,5440500
3.850000,3.942000,3.790000,3.840000,3.840000,3365500
3.832000,3.996000,3.712000,3.980000,3.980000,2516500
3.978000,4.054000,3.920000,3.950000,3.950000,2169000
3.950000,3.974000,3.900000,3.940000,3.940000,1898000
3.940000,4.038000,3.922000,3.974000,3.974000,3664000
3.932000,3.958000,3.866000,3.896000,3.896000,1005500
3.924000,4.138000,3.920000,4.090000,4.090000,2474500
4.074000,4.248000,4.062000,4.212000,4.212000,2435500
4.174000,4.260000,4.132000,4.210000,4.210000,2173000
4.122000,4.200000,4.100000,4.108000,4.108000,1217000
4.132000,4.190000,4.120000,4.180000,4.180000,1442000
4.200000,4.210000,4.138000,4.142000,4.142000,1881000
4.150000,4.186000,3.952000,4.034000,4.034000,1933000
4.178000,4.180000,4.100000,4.144000,4.144000,1804000
4.108000,4.320000,4.106000,4.224000,4.224000,3273500
4.196000,4.400000,4.158000,4.396000,4.396000,3423000
4.430000,4.632000,4.168000,4.188000,4.188000,13422500
4.204000,4.264000,3.960000,4.046000,4.046000,5992500
4.134000,4.270000,4.032000,4.212000,4.212000,4737500
4.178000,4.310000,4.134000,4.154000,4.154000,3980000
4.174000,4.190000,3.960000,3.974000,3.974000,4814500
3.978000,4.028000,3.900000,3.912000,3.912000,3340500
3.990000,4.038000,3.930000,4.020000,4.020000,2894500
4.080000,4.162000,4.010000,4.106000,4.106000,2093000
4.208000,4.298000,4.152000,4.280000,4.280000,6072500
4.238000,4.406000,4.226000,4.396000,4.396000,9846500
4.400000,4.430000,4.038000,4.082000,4.082000,10979000
4.138000,4.150000,4.062000,4.120000,4.120000,2988500
4.086000,4.234000,4.060000,4.198000,4.198000,3218000
4.230000,4.256000,4.202000,4.224000,4.224000,1660000
4.212000,4.252000,4.064000,4.092000,4.092000,1567000
4.114000,4.128000,4.068000,4.086000,4.086000,705000
4.086000,4.158000,4.078000,4.086000,4.086000,1339000
4.088000,4.140000,4.014000,4.048000,4.048000,856000
4.040000,4.056000,4.006000,4.048000,4.048000,1220000
4.128000,4.170000,4.072000,4.108000,4.108000,1591000
4.200000,4.206000,4.080000,4.150000,4.150000,1474000
4.178000,4.180000,4.050000,4.108000,4.108000,1423500
4.104000,4.128000,4.044000,4.046000,4.046000,814000
4.040000,4.082000,4.000000,4.010000,4.010000,1226000
4.032000,4.138000,4.008000,4.130000,4.130000,1562500
4.122000,4.190000,4.090000,4.150000,4.150000,2085500
4.136000,4.186000,4.110000,4.144000,4.144000,805500
4.188000,4.196000,4.146000,4.170000,4.170000,592500
4.160000,4.374000,4.102000,4.272000,4.272000,3304500
4.250000,4.276000,4.130000,4.200000,4.200000,1782500
4.278000,4.300000,4.192000,4.238000,4.238000,1121000
4.228000,4.370000,4.210000,4.368000,4.368000,1403000
4.388000,4.550000,4.262000,4.282000,4.282000,2279000
4.336000,4.376000,4.210000,4.250000,4.250000,1612500
4.256000,4.500000,4.232000,4.354000,4.354000,1863000
4.520000,5.066000,4.430000,4.980000,4.980000,9370000
4.974000,4.994000,4.744000,4.888000,4.888000,5055000
4.900000,5.000000,4.806000,4.996000,4.996000,2547500
5.000000,5.138000,4.810000,4.926000,4.926000,4782000
4.896000,5.994000,4.810000,5.872000,5.872000,15302500
5.720000,5.820000,5.466000,5.608000,5.608000,9726500
5.650000,6.100000,5.614000,5.968000,5.968000,13645500
6.044000,6.588000,6.044000,6.160000,6.160000,13114500
6.200000,6.280000,5.684000,5.934000,5.934000,6738000
6.040000,6.150000,5.722000,5.898000,5.898000,3750000
6.134000,6.148000,5.784000,5.978000,5.978000,4780500
6.032000,6.274000,5.940000,6.198000,6.198000,5752500
6.314000,6.690000,6.300000,6.680000,6.680000,7648500
6.658000,7.136000,6.438000,6.914000,6.914000,7889000
7.054000,7.194000,6.866000,7.094000,7.094000,7125000
7.120000,7.200000,6.950000,7.064000,7.064000,1753000
7.082000,7.190000,6.666000,6.866000,6.866000,5728000
6.748000,7.066000,6.682000,7.066000,7.066000,11113000
7.174000,7.284000,6.690000,6.870000,6.870000,6496000
6.802000,6.860000,6.240000,6.470000,6.470000,10035000
6.402000,6.450000,6.174000,6.298000,6.298000,5800500
6.270000,6.290000,5.912000,6.062000,6.062000,6372000
6.098000,6.480000,6.010000,6.312000,6.312000,6556500
6.496000,6.498000,6.304000,6.474000,6.474000,3300000
6.502000,6.544000,6.330000,6.410000,6.410000,2030000
6.410000,6.584000,6.226000,6.304000,6.304000,2147000
6.328000,6.354000,6.080000,6.110000,6.110000,2052000
6.058000,6.078000,5.552000,5.706000,5.706000,8828500
5.734000,5.994000,5.706000,5.920000,5.920000,3714500
6.000000,6.182000,5.930000,6.162000,6.162000,3950500
6.268000,6.308000,6.142000,6.272000,6.272000,4065000
6.328000,6.438000,6.252000,6.340000,6.340000,2617000
6.360000,6.538000,6.342000,6.452000,6.452000,3888500
6.450000,6.572000,6.340000,6.526000,6.526000,4166500
6.252000,6.496000,5.984000,6.018000,6.018000,7763000
5.604000,5.716000,5.012000,5.110000,5.110000,46509500
5.170000,5.350000,5.000000,5.282000,5.282000,20281500
5.406000,5.602000,5.300000,5.546000,5.546000,16596000
5.540000,5.580000,5.276000,5.300000,5.300000,10205500
5.314000,5.450000,5.300000,5.326000,5.326000,7089500
5.368000,5.400000,5.180000,5.324000,5.324000,6415000
5.332000,5.390000,5.204000,5.334000,5.334000,5937000
5.296000,5.380000,5.238000,5.366000,5.366000,7233500
5.366000,5.600000,5.362000,5.576000,5.576000,10306000
5.600000,5.716000,5.580000,5.648000,5.648000,11239500
5.634000,5.736000,5.610000,5.690000,5.690000,6713500
5.718000,5.742000,5.384000,5.392000,5.392000,8551000
5.402000,5.480000,5.304000,5.392000,5.392000,4822000
5.392000,5.394000,5.232000,5.244000,5.244000,3618000
5.230000,5.316000,5.122000,5.150000,5.150000,5960000
5.096000,5.128000,4.950000,5.128000,5.128000,8108500
5.054000,5.094000,4.750000,4.806000,4.806000,11857500
4.806000,4.890000,4.474000,4.524000,4.524000,11399500
4.624000,4.718000,4.542000,4.608000,4.608000,6085000
4.706000,4.962000,4.646000,4.898000,4.898000,8225500
4.930000,4.978000,4.804000,4.936000,4.936000,6357500
4.942000,4.976000,4.820000,4.950000,4.950000,5399500
4.948000,5.016000,4.906000,4.984000,4.984000,4478500
4.976000,4.976000,4.750000,4.802000,4.802000,5242000
4.810000,4.824000,4.700000,4.820000,4.820000,4151500
4.862000,4.946000,4.708000,4.782000,4.782000,3539000
4.832000,4.836000,4.734000,4.788000,4.788000,2847500
4.764000,4.780000,4.630000,4.726000,4.726000,2560000
4.688000,4.734000,4.644000,4.692000,4.692000,2720000
4.652000,4.652000,4.576000,4.614000,4.614000,4475500
4.756000,5.050000,4.600000,4.898000,4.898000,17524500
4.826000,4.836000,4.558000,4.642000,4.642000,13178000
4.652000,4.728000,4.562000,4.644000,4.644000,4180500
4.650000,4.750000,4.588000,4.650000,4.650000,3172500
4.728000,4.828000,4.610000,4.616000,4.616000,6415500
4.602000,4.634000,4.512000,4.568000,4.568000,4768500
4.620000,4.994000,4.614000,4.946000,4.946000,20575500
4.926000,5.098000,4.710000,4.720000,4.720000,13092000
4.666000,4.698000,4.592000,4.636000,4.636000,11853500
4.576000,4.600000,4.356000,4.374000,4.374000,10323000
4.436000,4.500000,4.222000,4.366000,4.366000,8028000
4.356000,4.516000,4.300000,4.506000,4.506000,5276500
4.562000,4.770000,4.538000,4.722000,4.722000,6731500
4.748000,4.820000,4.700000,4.778000,4.778000,5256000
4.810000,4.864000,4.740000,4.788000,4.788000,5532000
4.764000,4.856000,4.746000,4.804000,4.804000,3316500
4.896000,4.958000,4.812000,4.872000,4.872000,3201000
4.896000,4.998000,4.756000,4.990000,4.990000,7900500
4.986000,5.080000,4.940000,4.988000,4.988000,10168000
4.920000,4.992000,4.800000,4.932000,4.932000,6999500
4.932000,4.998000,4.854000,4.944000,4.944000,4624000
4.888000,4.898000,4.746000,4.802000,4.802000,5085000
4.770000,4.850000,4.706000,4.814000,4.814000,4654000
4.764000,4.800000,4.640000,4.650000,4.650000,5830000
4.440000,4.592000,4.360000,4.590000,4.590000,6594000
4.572000,4.650000,4.538000,4.564000,4.564000,5848500
4.648000,4.686000,4.528000,4.562000,4.562000,4613000
4.638000,4.638000,4.502000,4.592000,4.592000,3439500
4.610000,4.610000,4.508000,4.546000,4.546000,2058500
4.546000,4.572000,4.400000,4.438000,4.438000,2914500
4.422000,4.454000,4.354000,4.442000,4.442000,2114000
4.428000,4.476000,4.396000,4.466000,4.466000,2311000
4.486000,4.600000,4.480000,4.550000,4.550000,2840000
4.540000,4.708000,4.510000,4.650000,4.650000,5290500
4.660000,4.800000,4.642000,4.784000,4.784000,3777000
4.822000,4.898000,4.602000,4.742000,4.742000,6116500
5.310000,5.742000,5.300000,5.550000,5.550000,57589000
5.490000,5.636000,5.314000,5.332000,5.332000,14324000
5.366000,5.400000,5.046000,5.166000,5.166000,13046500
5.180000,5.400000,5.138000,5.340000,5.340000,15904500
5.398000,5.402000,5.160000,5.298000,5.298000,6441500
5.370000,5.588000,5.290000,5.448000,5.448000,14051500
5.516000,5.520000,5.272000,5.298000,5.298000,9732000
5.294000,5.306000,5.004000,5.054000,5.054000,6847000
5.016000,5.042000,4.860000,4.930000,4.930000,6787000
5.026000,5.138000,4.962000,4.986000,4.986000,6057500
4.974000,5.056000,4.840000,5.028000,5.028000,4917000
5.130000,5.236000,5.082000,5.116000,5.116000,4717500
5.026000,5.124000,4.872000,5.006000,5.006000,5169500
5.052000,5.052000,4.930000,5.032000,5.032000,2743500
5.140000,5.218000,5.060000,5.150000,5.150000,4186000
5.170000,5.396000,5.118000,5.348000,5.348000,6930500
5.340000,5.346000,5.194000,5.278000,5.278000,4004500
5.332000,5.450000,5.262000,5.386000,5.386000,7000000
5.386000,5.472000,5.326000,5.416000,5.416000,4984500
5.414000,5.538000,5.344000,5.532000,5.532000,8000000
5.538000,5.574000,5.484000,5.520000,5.520000,3630000
5.520000,5.560000,5.412000,5.490000,5.490000,3923000
5.476000,5.478000,5.300000,5.374000,5.374000,4569500
5.356000,5.400000,5.150000,5.338000,5.338000,5222500
5.440000,5.488000,5.234000,5.288000,5.288000,6092500
5.380000,5.540000,5.324000,5.424000,5.424000,4908500
5.400000,5.600000,5.370000,5.582000,5.582000,4582000
5.648000,5.790000,5.582000,5.666000,5.666000,7676500
5.640000,5.660000,5.384000,5.414000,5.414000,4812500
5.414000,5.548000,5.330000,5.534000,5.534000,3140000
5.600000,5.638000,5.460000,5.510000,5.510000,3307500
5.598000,5.598000,5.310000,5.320000,5.320000,3778500
5.400000,5.400000,5.144000,5.192000,5.192000,6171000
5.220000,5.294000,5.104000,5.270000,5.270000,3647500
5.406000,5.688000,5.320000,5.640000,5.640000,13275500
5.652000,5.656000,5.470000,5.594000,5.594000,4212500
5.524000,5.524000,5.324000,5.364000,5.364000,4318000
5.404000,5.500000,5.320000,5.344000,5.344000,3068500
5.380000,5.802000,5.234000,5.796000,5.796000,23465500
5.764000,5.952000,5.620000,5.896000,5.896000,16684500
5.908000,5.934000,5.764000,5.910000,5.910000,8435500
5.938000,6.056000,5.910000,6.028000,6.028000,16452500
6.000000,6.020000,5.676000,5.704000,5.704000,7649500
5.704000,5.864000,5.702000,5.752000,5.752000,4931500
5.990000,6.300000,5.900000,6.026000,6.026000,31046000
6.020000,6.026000,5.652000,5.740000,5.740000,11655500
5.788000,5.878000,5.652000,5.674000,5.674000,6110500
5.688000,5.720000,5.404000,5.424000,5.424000,8479500
5.486000,5.620000,5.420000,5.524000,5.524000,8016000
5.504000,5.660000,5.470000,5.572000,5.572000,7833000
5.614000,5.776000,5.576000,5.686000,5.686000,8567000
5.708000,5.940000,5.704000,5.720000,5.720000,7867000
5.688000,5.690000,5.414000,5.464000,5.464000,6725000
5.534000,5.600000,5.148000,5.300000,5.300000,9211000
5.374000,5.540000,5.228000,5.300000,5.300000,8570000
5.258000,5.292000,5.100000,5.202000,5.202000,7689000
5.248000,5.546000,5.200000,5.506000,5.506000,7480000
5.474000,5.650000,5.420000,5.442000,5.442000,7378000
5.440000,5.544000,5.242000,5.542000,5.542000,5850000
5.528000,5.594000,5.452000,5.514000,5.514000,18042500
5.546000,5.656000,5.462000,5.492000,5.492000,9047000
5.558000,5.650000,5.534000,5.622000,5.622000,4446000
5.700000,5.818000,5.614000,5.658000,5.658000,7309000
5.700000,5.866000,5.680000,5.826000,5.826000,4733500
5.814000,5.920000,5.760000,5.804000,5.804000,4274500
5.804000,5.904000,5.742000,5.828000,5.828000,4980000
5.828000,5.828000,5.710000,5.792000,5.792000,4634500
5.828000,6.000000,5.802000,5.946000,5.946000,6639500
5.978000,5.978000,5.718000,5.762000,5.762000,6203000
5.680000,5.706000,5.600000,5.670000,5.670000,4879000
5.674000,5.818000,5.600000,5.634000,5.634000,5227000
5.686000,5.806000,5.580000,5.728000,5.728000,5330000
5.706000,5.792000,5.450000,5.522000,5.522000,5795000
5.558000,5.566000,5.480000,5.516000,5.516000,3545000
5.468000,5.490000,5.326000,5.446000,5.446000,4259500
5.516000,5.622000,5.508000,5.578000,5.578000,5130500
5.600000,6.088000,5.560000,5.738000,5.738000,15241500
5.782000,5.832000,5.620000,5.740000,5.740000,5057500
5.740000,5.908000,5.710000,5.858000,5.858000,2917500
5.802000,5.850000,5.688000,5.698000,5.698000,3366500
5.662000,5.754000,5.594000,5.600000,5.600000,3803000
5.700000,5.700000,5.502000,5.528000,5.528000,4792500
5.520000,5.710000,5.508000,5.634000,5.634000,4693500
5.560000,5.680000,5.500000,5.634000,5.634000,4741000
5.734000,5.796000,5.642000,5.754000,5.754000,5824500
5.738000,5.840000,5.454000,5.468000,5.468000,7747000
5.500000,5.566000,5.268000,5.440000,5.440000,8972500
5.302000,5.378000,4.934000,4.950000,4.950000,15322500
4.998000,5.076000,4.566000,4.848000,4.848000,9822000
4.620000,4.888000,4.620000,4.728000,4.728000,13042500
4.830000,5.090000,4.740000,5.012000,5.012000,6667000
5.088000,5.088000,4.726000,4.764000,4.764000,7821000
4.808000,5.150000,4.800000,5.060000,5.060000,4182500
5.120000,5.428000,5.072000,5.262000,5.262000,5045500
5.324000,5.350000,5.186000,5.246000,5.246000,3693000
5.226000,5.308000,5.166000,5.220000,5.220000,2688500
5.278000,5.330000,5.102000,5.166000,5.166000,3218500
5.000000,5.030000,4.694000,4.852000,4.852000,5283000
4.772000,4.844000,4.400000,4.460000,4.460000,6876500
4.622000,4.760000,4.336000,4.390000,4.390000,4930500
4.386000,4.622000,4.300000,4.592000,4.592000,4345000
4.620000,4.786000,4.566000,4.774000,4.774000,3421500
4.774000,4.774000,4.580000,4.622000,4.622000,3399000
4.542000,4.790000,4.414000,4.746000,4.746000,3809000
4.844000,4.970000,4.804000,4.942000,4.942000,4017000
4.900000,4.954000,4.818000,4.926000,4.926000,1831000
4.960000,5.100000,4.856000,4.948000,4.948000,4119000
4.932000,4.974000,4.768000,4.800000,4.800000,4240500
4.732000,4.798000,4.536000,4.614000,4.614000,3849500
4.500000,4.640000,4.458000,4.588000,4.588000,4049000
4.678000,4.800000,4.656000,4.768000,4.768000,2296000
4.716000,4.806000,4.656000,4.722000,4.722000,2528500
4.674000,4.714000,4.510000,4.594000,4.594000,3346500
4.500000,4.662000,4.490000,4.576000,4.576000,2833000
4.602000,4.820000,4.550000,4.816000,4.816000,3632500
4.850000,4.968000,4.758000,4.868000,4.868000,4154000
4.916000,4.986000,4.866000,4.964000,4.964000,2813000
4.956000,5.168000,4.898000,5.160000,5.160000,7085500
4.990000,5.162000,4.764000,5.154000,5.154000,5787000
5.196000,5.320000,5.134000,5.202000,5.202000,5902000
5.190000,5.390000,5.140000,5.170000,5.170000,4938000
5.128000,5.222000,4.976000,5.126000,5.126000,3879000
5.098000,5.324000,5.070000,5.276000,5.276000,5782000
5.304000,5.304000,4.980000,5.104000,5.104000,4674000
5.200000,5.398000,5.114000,5.238000,5.238000,3372500
5.200000,5.300000,4.902000,4.918000,4.918000,3616500
5.144000,5.164000,4.710000,4.824000,4.824000,4648000
4.960000,4.978000,4.698000,4.878000,4.878000,6680500
4.990000,5.000000,4.650000,4.746000,4.746000,5116000
4.658000,4.864000,4.586000,4.732000,4.732000,6001500
4.806000,5.168000,4.670000,5.074000,5.074000,6147500
5.074000,5.520000,5.004000,5.392000,5.392000,8845500
5.396000,5.520000,5.210000,5.398000,5.398000,6558000
5.462000,5.636000,5.400000,5.576000,5.576000,4617500
5.502000,5.554000,5.418000,5.522000,5.522000,2878500
5.450000,5.600000,5.440000,5.560000,5.560000,5617000
5.526000,5.694000,5.488000,5.588000,5.588000,5217500
5.600000,5.710000,5.452000,5.610000,5.610000,7002500
5.572000,5.600000,5.452000,5.484000,5.484000,3772500
5.460000,5.686000,5.342000,5.668000,5.668000,4998500
5.604000,5.612000,5.460000,5.514000,5.514000,3964500
5.488000,5.494000,5.400000,5.468000,5.468000,4998500
5.480000,5.660000,5.402000,5.606000,5.606000,5713000
5.574000,5.778000,5.550000,5.710000,5.710000,4703000
5.646000,5.772000,5.560000,5.650000,5.650000,3272000
5.638000,5.674000,5.480000,5.596000,5.596000,2552500
5.668000,5.790000,5.622000,5.752000,5.752000,4347000
5.700000,6.000000,5.602000,5.974000,5.974000,6320000
5.900000,5.902000,5.750000,5.874000,5.874000,5670000
5.678000,5.784000,5.600000,5.776000,5.776000,3176000
5.800000,5.852000,5.650000,5.742000,5.742000,4376500
6.000000,6.498000,5.906000,6.492000,6.492000,12548500
6.292000,6.480000,6.102000,6.462000,6.462000,15164500
6.328000,6.400000,6.150000,6.254000,6.254000,6331500
6.274000,6.400000,6.144000,6.368000,6.368000,5839500
6.174000,6.298000,6.060000,6.176000,6.176000,4768500
6.188000,6.300000,6.130000,6.266000,6.266000,3736500
6.380000,6.900000,6.114000,6.728000,6.728000,19341500
6.600000,6.708000,6.524000,6.644000,6.644000,6628500
6.584000,6.880000,6.546000,6.786000,6.786000,4455000
6.696000,7.000000,6.680000,6.988000,6.988000,9166000
6.900000,6.980000,6.638000,6.736000,6.736000,6746500
6.728000,6.822000,6.508000,6.520000,6.520000,4514000
6.488000,6.488000,6.210000,6.352000,6.352000,5158000
6.352000,6.558000,6.210000,6.414000,6.414000,3663000
6.352000,6.410000,6.250000,6.290000,6.290000,2259000
6.310000,6.482000,6.216000,6.332000,6.332000,1198000
6.400000,6.656000,6.362000,6.512000,6.512000,3406000
6.498000,6.614000,6.326000,6.350000,6.350000,2955500
6.500000,6.586000,6.444000,6.548000,6.548000,3801500
6.514000,6.798000,6.396000,6.520000,6.520000,5151000
6.566000,6.738000,6.480000,6.660000,6.660000,4014000
6.706000,7.000000,6.686000,6.884000,6.884000,5800500
6.840000,6.996000,6.806000,6.974000,6.974000,4759000
6.926000,6.978000,6.760000,6.838000,6.838000,3371500
6.168000,6.330000,5.922000,6.178000,6.178000,16529000
6.108000,6.224000,6.056000,6.208000,6.208000,6197500
6.088000,6.124000,6.004000,6.082000,6.082000,3793500
6.114000,6.186000,5.782000,5.890000,5.890000,4970500
5.900000,5.936000,5.600000,5.706000,5.706000,5819500
5.734000,5.834000,5.624000,5.724000,5.724000,3501500
5.758000,5.786000,5.596000,5.600000,5.600000,5148500
5.618000,5.700000,5.474000,5.550000,5.550000,4935000
5.610000,5.690000,5.544000,5.580000,5.580000,4216500
5.582000,5.614000,5.206000,5.514000,5.514000,8527500
5.520000,5.610000,5.460000,5.554000,5.554000,5047000
5.600000,5.600000,5.504000,5.580000,5.580000,2957000
5.532000,5.754000,5.528000,5.714000,5.714000,3887500
5.798000,5.848000,5.608000,5.702000,5.702000,2876000
5.718000,5.868000,5.710000,5.746000,5.746000,2441000
5.698000,5.796000,5.650000,5.712000,5.712000,1699000
5.788000,5.900000,5.530000,5.616000,5.616000,4640500
5.642000,5.734000,5.500000,5.542000,5.542000,3150500
5.552000,5.586000,5.370000,5.424000,5.424000,5027500
5.440000,5.558000,5.282000,5.382000,5.382000,4931500
5.400000,5.498000,5.224000,5.450000,5.450000,4485000
5.488000,5.552000,5.450000,5.524000,5.524000,3359000
5.524000,5.676000,5.460000,5.646000,5.646000,3361500
5.696000,5.724000,5.562000,5.650000,5.650000,3646500
5.680000,5.700000,4.528000,4.558000,4.558000,27502000
5.324000,5.468000,5.282000,5.320000,5.320000,23258000
5.338000,5.376000,5.250000,5.362000,5.362000,6301000
5.438000,5.548000,5.322000,5.352000,5.352000,6231500
5.380000,5.400000,5.280000,5.320000,5.320000,3311500
5.362000,5.442000,5.320000,5.354000,5.354000,2973000
5.326000,5.536000,5.288000,5.484000,5.484000,4290000
5.454000,5.602000,5.410000,5.594000,5.594000,3056000
5.614000,5.916000,5.600000,5.788000,5.788000,6355500
5.700000,5.944000,5.700000,5.866000,5.866000,3742000
5.898000,5.922000,5.706000,5.914000,5.914000,3645000
5.980000,6.000000,5.774000,5.814000,5.814000,4782000
5.814000,5.940000,5.800000,5.916000,5.916000,2616000
5.944000,6.176000,5.922000,6.050000,6.050000,4028500
6.082000,6.266000,6.050000,6.230000,6.230000,3822500
6.220000,6.380000,6.210000,6.360000,6.360000,3260500
6.360000,6.360000,6.164000,6.320000,6.320000,5108000
6.320000,6.402000,6.258000,6.386000,6.386000,3118500
6.400000,6.580000,6.286000,6.516000,6.516000,6385500
6.452000,6.454000,5.968000,6.220000,6.220000,9371000
6.310000,6.412000,6.180000,6.298000,6.298000,5789500
6.348000,6.758000,6.280000,6.634000,6.634000,9054000
6.620000,6.882000,6.454000,6.720000,6.720000,13809000
6.700000,6.902000,6.508000,6.836000,6.836000,11098500
6.798000,6.994000,6.700000,6.994000,6.994000,6883500
6.974000,6.974000,6.762000,6.900000,6.900000,5679000
6.900000,6.944000,6.500000,6.844000,6.844000,8273000
6.798000,6.994000,6.712000,6.906000,6.906000,4102000
6.846000,6.904000,6.654000,6.750000,6.750000,4799500
6.682000,6.800000,6.600000,6.724000,6.724000,3030000
6.728000,6.888000,6.634000,6.762000,6.762000,3061000
6.762000,6.824000,6.628000,6.682000,6.682000,2678500
6.702000,6.900000,6.662000,6.882000,6.882000,3517500
6.880000,6.900000,6.742000,6.808000,6.808000,2750000
6.870000,6.880000,6.692000,6.754000,6.754000,2335000
6.650000,6.656000,6.524000,6.622000,6.622000,2869000
6.624000,6.662000,6.582000,6.624000,6.624000,1824500
6.622000,6.698000,6.608000,6.614000,6.614000,3166500
6.640000,7.062000,6.640000,6.948000,6.948000,7767000
6.938000,7.258000,6.920000,7.202000,7.202000,9816500
7.302000,7.318000,7.100000,7.218000,7.218000,5008000
7.200000,7.200000,6.960000,7.058000,7.058000,4257500
7.056000,7.096000,6.956000,7.000000,7.000000,2858000
6.980000,7.178000,6.966000,7.064000,7.064000,3646500
7.052000,7.064000,6.908000,6.996000,6.996000,5078000
6.996000,7.040000,6.914000,6.992000,6.992000,2835000
6.988000,7.060000,6.920000,7.030000,7.030000,3036000
6.994000,7.030000,6.860000,6.880000,6.880000,2612000
6.852000,6.926000,6.630000,6.816000,6.816000,5853000
7.118000,7.618000,7.008000,7.480000,7.480000,15702500
7.432000,7.990000,7.406000,7.588000,7.588000,12696000
7.556000,7.688000,7.422000,7.570000,7.570000,4775000
7.638000,7.638000,7.406000,7.466000,7.466000,3982000
7.504000,7.588000,7.336000,7.448000,7.448000,4432000
7.466000,7.594000,7.306000,7.316000,7.316000,5143000
7.340000,7.694000,7.334000,7.602000,7.602000,5490500
7.054000,7.098000,6.938000,7.000000,7.000000,22409000
7.020000,7.088000,6.882000,6.896000,6.896000,7547000
6.820000,6.858000,6.620000,6.630000,6.630000,8278500
6.630000,6.770000,6.420000,6.492000,6.492000,9238500
6.648000,6.658000,6.402000,6.618000,6.618000,5527500
6.754000,6.896000,6.584000,6.688000,6.688000,5169500
6.788000,6.808000,6.570000,6.718000,6.718000,3248000
6.682000,6.740000,6.418000,6.450000,6.450000,5498000
6.486000,6.614000,6.408000,6.448000,6.448000,5577500
6.418000,6.550000,6.306000,6.532000,6.532000,4115500
6.550000,6.686000,6.500000,6.632000,6.632000,3874500
6.628000,6.746000,6.588000,6.632000,6.632000,4109000
6.572000,6.594000,6.342000,6.388000,6.388000,4454000
6.364000,6.440000,6.200000,6.364000,6.364000,3372500
6.414000,6.598000,6.414000,6.582000,6.582000,3561000
6.592000,6.704000,6.582000,6.698000,6.698000,2126500
6.720000,6.726000,6.582000,6.668000,6.668000,2955000
6.654000,6.672000,6.516000,6.626000,6.626000,2069500
6.626000,6.842000,6.626000,6.756000,6.756000,3295000
6.700000,6.878000,6.678000,6.788000,6.788000,2486500
6.782000,6.800000,6.426000,6.492000,6.492000,4206500
6.464000,6.492000,6.280000,6.366000,6.366000,6237500
6.392000,6.516000,6.322000,6.494000,6.494000,5790000
6.500000,6.546000,5.874000,6.038000,6.038000,15486000
6.060000,6.154000,5.952000,6.012000,6.012000,9739500
6.594000,6.936000,6.480000,6.592000,6.592000,27781500
6.498000,6.688000,6.432000,6.450000,6.450000,6106500
6.384000,6.426000,6.010000,6.012000,6.012000,6904500
6.052000,6.192000,5.844000,5.886000,5.886000,7928500
5.916000,6.036000,5.776000,5.836000,5.836000,6285500
5.860000,5.958000,5.648000,5.714000,5.714000,5745000
5.674000,5.692000,5.366000,5.512000,5.512000,8082500
5.516000,5.852000,5.424000,5.754000,5.754000,7376000
6.020000,6.268000,6.000000,6.160000,6.160000,11831000
6.112000,6.210000,5.900000,6.204000,6.204000,6102000
6.250000,6.250000,5.938000,6.056000,6.056000,5378000
6.032000,6.082000,5.840000,5.962000,5.962000,3785000
6.002000,6.386000,6.002000,6.338000,6.338000,8250000
6.216000,6.284000,6.048000,6.082000,6.082000,6536000
6.014000,6.058000,5.750000,5.900000,5.900000,5593500
5.706000,5.832000,5.552000,5.630000,5.630000,4429000
5.606000,5.682000,5.422000,5.576000,5.576000,5154500
5.568000,5.678000,5.512000,5.582000,5.582000,3154500
5.640000,5.890000,5.628000,5.844000,5.844000,4549500
5.962000,5.974000,5.770000,5.786000,5.786000,2460500
5.772000,6.038000,5.630000,6.016000,6.016000,4405500
6.062000,6.200000,5.792000,5.824000,5.824000,3180000
5.846000,5.968000,5.762000,5.932000,5.932000,2845000
5.910000,6.128000,5.894000,5.954000,5.954000,4220500
6.036000,6.130000,5.724000,5.878000,5.878000,4361000
5.878000,5.990000,5.762000,5.982000,5.982000,3234000
5.988000,6.466000,5.900000,6.368000,6.368000,6284000
6.404000,6.532000,6.300000,6.418000,6.418000,4555500
6.700000,6.900000,6.642000,6.756000,6.756000,17112000
6.852000,6.856000,6.368000,6.438000,6.438000,9459500
6.520000,6.796000,6.492000,6.758000,6.758000,15233000
6.788000,6.824000,6.550000,6.622000,6.622000,7492500
6.410000,6.470000,6.278000,6.322000,6.322000,13069500
6.380000,6.490000,6.314000,6.392000,6.392000,5236000
6.380000,6.422000,6.124000,6.282000,6.282000,4570500
6.560000,6.560000,6.200000,6.258000,6.258000,5629000
6.270000,6.360000,6.038000,6.080000,6.080000,6578000
6.120000,6.200000,6.080000,6.132000,6.132000,4735000
6.162000,6.334000,6.160000,6.246000,6.246000,6269000
6.198000,6.346000,6.160000,6.198000,6.198000,3922500
6.188000,6.366000,6.134000,6.298000,6.298000,4552500
6.308000,6.496000,6.178000,6.254000,6.254000,3792000
6.314000,6.336000,6.202000,6.302000,6.302000,3193000
6.258000,6.602000,6.160000,6.540000,6.540000,5628500
6.594000,6.880000,6.566000,6.850000,6.850000,6524000
6.864000,7.200000,6.780000,7.192000,7.192000,8720000
7.000000,7.042000,6.476000,6.670000,6.670000,12846500
6.284000,6.734000,6.212000,6.430000,6.430000,14409500
6.544000,6.630000,6.408000,6.454000,6.454000,7179500
6.414000,6.450000,6.250000,6.358000,6.358000,7842500
6.210000,6.260000,6.124000,6.132000,6.132000,6934000
6.132000,6.208000,5.924000,5.968000,5.968000,7501500
5.984000,5.996000,5.750000,5.790000,5.790000,14211000
5.980000,6.000000,5.528000,5.626000,5.626000,11311500
5.742000,5.932000,5.620000,5.902000,5.902000,8365000
5.902000,6.050000,5.442000,5.470000,5.470000,10326000
5.508000,5.594000,5.470000,5.484000,5.484000,7875500
5.598000,5.598000,5.206000,5.250000,5.250000,7961500
5.368000,5.370000,5.104000,5.220000,5.220000,6525500
5.380000,5.510000,5.348000,5.454000,5.454000,6047500
5.510000,5.740000,5.510000,5.654000,5.654000,7641000
5.754000,6.180000,5.700000,6.050000,6.050000,11936000
5.980000,6.000000,5.718000,5.818000,5.818000,6544500
5.904000,6.000000,5.826000,5.882000,5.882000,3363000
5.862000,5.988000,5.862000,5.988000,5.988000,3537000
5.938000,6.260000,5.820000,6.234000,6.234000,4350500
6.150000,6.234000,5.852000,5.884000,5.884000,3967000
5.878000,5.940000,5.762000,5.880000,5.880000,2627000
5.906000,6.078000,5.900000,6.060000,6.060000,3345000
6.058000,6.142000,5.996000,6.002000,6.002000,2541000
6.030000,6.078000,5.820000,5.902000,5.902000,5895500
5.916000,6.000000,5.800000,5.822000,5.822000,3808000
5.802000,6.008000,5.802000,5.990000,5.990000,3877500
6.000000,6.170000,5.930000,6.146000,6.146000,7355000
6.012000,6.048000,5.882000,5.900000,5.900000,7147000
5.914000,5.940000,5.634000,5.664000,5.664000,6752000
5.680000,5.876000,5.600000,5.738000,5.738000,7013500
5.698000,5.728000,5.604000,5.682000,5.682000,4194500
5.720000,5.748000,5.620000,5.682000,5.682000,3282000
5.722000,5.768000,5.640000,5.704000,5.704000,2699000
5.704000,5.798000,5.580000,5.628000,5.628000,3762500
5.602000,5.700000,5.562000,5.588000,5.588000,3196500
5.600000,5.780000,5.580000,5.710000,5.710000,4208500
5.710000,5.914000,5.700000,5.870000,5.870000,4766000
5.840000,5.870000,5.460000,5.474000,5.474000,7416500
5.552000,5.632000,5.480000,5.560000,5.560000,5074500
5.580000,5.716000,5.560000,5.656000,5.656000,5726000
5.714000,5.900000,5.696000,5.896000,5.896000,7423500
6.000000,6.130000,5.930000,6.078000,6.078000,7683000
6.470000,6.556000,6.302000,6.508000,6.508000,16064000
6.376000,6.380000,6.136000,6.268000,6.268000,8942500
6.200000,6.348000,6.188000,6.210000,6.210000,5242500
6.186000,6.300000,6.136000,6.180000,6.180000,4562000
6.220000,6.298000,5.908000,6.004000,6.004000,9350000
5.902000,6.206000,5.880000,6.132000,6.132000,6509500
5.724000,5.896000,5.506000,5.532000,5.532000,28402000
5.532000,5.680000,5.496000,5.508000,5.508000,7636000
5.564000,5.708000,5.520000,5.698000,5.698000,8793000
5.746000,5.978000,5.722000,5.856000,5.856000,21717000
5.900000,5.978000,5.800000,5.832000,5.832000,4422000
5.856000,5.978000,5.800000,5.960000,5.960000,3645000
5.950000,5.990000,5.848000,5.860000,5.860000,5264000
6.000000,6.020000,5.730000,5.880000,5.880000,7706500
5.940000,5.962000,5.736000,5.778000,5.778000,4693000
5.772000,5.880000,5.722000,5.850000,5.850000,4448500
5.824000,5.824000,5.650000,5.674000,5.674000,5965000
5.678000,5.744000,5.602000,5.680000,5.680000,2518000
5.788000,5.796000,5.650000,5.664000,5.664000,2253000
5.664000,5.746000,5.500000,5.528000,5.528000,4938000
5.604000,5.610000,5.372000,5.466000,5.466000,7343500
5.534000,5.618000,5.468000,5.612000,5.612000,2396500
5.650000,5.768000,5.560000,5.764000,5.764000,3340000
5.798000,5.798000,5.556000,5.608000,5.608000,3705000
5.566000,5.640000,5.460000,5.548000,5.548000,5137000
5.598000,5.600000,5.472000,5.570000,5.570000,2351000
5.476000,5.712000,5.474000,5.678000,5.678000,3745000
5.704000,5.704000,5.450000,5.484000,5.484000,5082000
5.560000,5.560000,5.490000,5.504000,5.504000,2888500
5.506000,5.560000,5.404000,5.476000,5.476000,2387000
5.540000,5.670000,5.474000,5.626000,5.626000,3876000
5.650000,5.898000,5.640000,5.850000,5.850000,5120500
5.854000,5.910000,5.710000,5.784000,5.784000,5151500
5.960000,6.316000,5.866000,6.300000,6.300000,10244500
6.122000,6.240000,5.990000,6.230000,6.230000,11620000
6.200000,6.410000,6.162000,6.308000,6.308000,8572500
6.202000,6.376000,6.188000,6.262000,6.262000,6370000
6.120000,6.186000,5.970000,6.064000,6.064000,4315000
6.058000,6.284000,6.032000,6.214000,6.214000,2779500
6.258000,6.400000,6.144000,6.322000,6.322000,4991500
6.392000,6.424000,6.240000,6.276000,6.276000,4356500
6.260000,6.288000,6.100000,6.164000,6.164000,4920000
6.230000,6.400000,6.118000,6.368000,6.368000,4543500
6.414000,6.650000,6.368000,6.584000,6.584000,6962000
6.560000,6.620000,6.382000,6.600000,6.600000,4612500
6.522000,6.694000,6.458000,6.494000,6.494000,4816000
6.520000,6.566000,6.340000,6.426000,6.426000,2151500
6.420000,6.460000,6.324000,6.454000,6.454000,2479000
6.426000,6.532000,6.304000,6.430000,6.430000,4554000
6.400000,6.858000,6.382000,6.646000,6.646000,7626000
6.688000,6.800000,6.574000,6.738000,6.738000,5517000
6.726000,6.856000,6.602000,6.764000,6.764000,7101500
6.778000,7.000000,6.700000,6.924000,6.924000,10428500
6.816000,6.960000,6.710000,6.780000,6.780000,6316500
6.764000,6.838000,6.716000,6.742000,6.742000,3307500
6.764000,6.960000,6.700000,6.780000,6.780000,3302000
6.860000,6.898000,6.770000,6.834000,6.834000,3322000
6.886000,6.960000,6.836000,6.914000,6.914000,4649000
6.920000,7.100000,6.892000,7.056000,7.056000,7863000
7.042000,7.160000,6.990000,7.052000,7.052000,10319000
7.052000,7.060000,6.550000,6.722000,6.722000,10756500
6.756000,6.880000,6.718000,6.762000,6.762000,5115000
6.754000,6.900000,6.750000,6.880000,6.880000,4124500
6.852000,7.014000,6.852000,6.918000,6.918000,7769500
6.950000,7.052000,6.904000,6.922000,6.922000,6494000
6.902000,6.958000,6.810000,6.886000,6.886000,4606000
6.788000,6.834000,6.716000,6.800000,6.800000,7462000
6.728000,6.870000,6.710000,6.856000,6.856000,1879000
6.792000,6.900000,6.700000,6.718000,6.718000,3007000
6.700000,6.782000,6.600000,6.738000,6.738000,2805500
6.676000,6.730000,6.604000,6.644000,6.644000,2070500
6.600000,6.794000,6.600000,6.774000,6.774000,2974500
7.000000,7.090000,6.942000,7.072000,7.072000,5974000
7.036000,7.090000,6.950000,6.954000,6.954000,3710000
6.960000,6.960000,6.784000,6.880000,6.880000,3370000
6.960000,6.960000,6.780000,6.868000,6.868000,2210000
6.900000,6.900000,6.622000,6.736000,6.736000,6420000
6.802000,6.838000,6.680000,6.728000,6.728000,3490000
6.774000,6.798000,6.676000,6.706000,6.706000,4612500
6.808000,6.808000,6.422000,6.582000,6.582000,7816000
6.616000,6.676000,6.570000,6.652000,6.652000,4625500
6.622000,6.850000,6.616000,6.780000,6.780000,8121000
6.770000,6.846000,6.746000,6.820000,6.820000,6891000
6.832000,6.970000,6.784000,6.876000,6.876000,7183500
6.948000,6.956000,6.764000,6.904000,6.904000,17775500
6.912000,7.110000,6.852000,7.038000,7.038000,9601000
7.004000,7.248000,6.992000,7.200000,7.200000,7821500
7.200000,7.544000,7.168000,7.398000,7.398000,9852000
7.400000,7.508000,7.360000,7.396000,7.396000,6439000
7.372000,7.742000,7.372000,7.606000,7.606000,9930000
7.620000,7.688000,7.426000,7.590000,7.590000,7133000
7.570000,7.600000,7.486000,7.504000,7.504000,4840500
7.574000,7.574000,7.386000,7.502000,7.502000,4507000
7.634000,7.700000,7.524000,7.660000,7.660000,5503000
7.680000,7.684000,7.518000,7.548000,7.548000,5640000
7.600000,7.730000,7.536000,7.626000,7.626000,6551000
7.636000,7.878000,7.580000,7.834000,7.834000,9466000
7.838000,7.936000,7.790000,7.896000,7.896000,5983000
7.890000,8.000000,7.828000,7.848000,7.848000,5699000
7.596000,7.830000,7.500000,7.684000,7.684000,16331500
7.690000,7.774000,7.458000,7.578000,7.578000,11306500
7.660000,7.800000,7.610000,7.690000,7.690000,4834000
7.728000,7.750000,7.642000,7.654000,7.654000,4953500
7.700000,7.702000,7.390000,7.408000,7.408000,10088000
7.472000,7.858000,7.462000,7.856000,7.856000,13507000
7.860000,7.930000,7.692000,7.708000,7.708000,15610000
7.298000,7.478000,6.908000,7.032000,7.032000,45189000
7.144000,7.278000,7.120000,7.222000,7.222000,12736500
7.230000,7.350000,6.868000,6.876000,6.876000,14447000
6.892000,6.992000,6.760000,6.886000,6.886000,13814500
6.882000,7.082000,6.880000,7.020000,7.020000,9796000
7.178000,7.220000,6.874000,6.966000,6.966000,9824500
7.000000,7.016000,6.850000,6.930000,6.930000,7733000
6.954000,7.166000,6.940000,7.116000,7.116000,8788500
7.200000,7.384000,7.158000,7.330000,7.330000,10435000
7.402000,7.576000,7.394000,7.538000,7.538000,5750000
7.546000,7.730000,7.376000,7.646000,7.646000,5791500
7.612000,7.888000,7.472000,7.694000,7.694000,4560500
7.774000,7.888000,7.730000,7.820000,7.820000,7897500
7.780000,7.876000,7.770000,7.824000,7.824000,6375500
7.800000,7.898000,7.762000,7.796000,7.796000,4110000
7.780000,7.782000,7.354000,7.370000,7.370000,10105000
7.328000,7.330000,7.042000,7.058000,7.058000,16398000
7.060000,7.212000,6.984000,7.030000,7.030000,6580500
7.050000,7.120000,6.988000,7.016000,7.016000,5492500
7.052000,7.214000,7.032000,7.190000,7.190000,7115000
7.190000,7.412000,7.148000,7.202000,7.202000,5731500
7.240000,7.360000,7.240000,7.324000,7.324000,2201000
7.420000,7.704000,7.354000,7.506000,7.506000,11894000
7.596000,7.644000,7.532000,7.572000,7.572000,9041000
7.588000,7.676000,7.462000,7.632000,7.632000,6481500
7.646000,7.648000,7.550000,7.578000,7.578000,5793500
8.472000,9.336000,8.340000,8.786000,8.786000,70492500
8.720000,9.100000,8.702000,8.868000,8.868000,33262000
8.620000,8.694000,8.042000,8.220000,8.220000,28218000
8.222000,8.450000,8.162000,8.402000,8.402000,11324000
8.400000,8.400000,8.100000,8.274000,8.274000,7762000
8.394000,8.510000,8.302000,8.366000,8.366000,8395000
8.360000,8.366000,8.066000,8.100000,8.100000,8480500
8.140000,8.402000,8.122000,8.372000,8.372000,10605500
8.412000,8.910000,8.350000,8.718000,8.718000,17237000
8.650000,9.028000,8.610000,8.750000,8.750000,15747000
8.700000,8.760000,8.502000,8.660000,8.660000,8407000
8.838000,9.228000,8.782000,9.118000,9.118000,15902000
9.100000,9.190000,8.908000,9.090000,9.090000,10592500
9.196000,9.520000,9.078000,9.394000,9.394000,16839500
9.492000,9.976000,9.414000,9.566000,9.566000,15058500
9.720000,10.040000,9.550000,10.038000,10.038000,19697000
10.200000,10.584000,10.132000,10.202000,10.202000,18669000
10.180000,10.210000,9.796000,10.086000,10.086000,13150000
10.100000,10.480000,10.100000,10.400000,10.400000,13979500
10.626000,10.748000,10.124000,10.240000,10.240000,18110500
10.352000,10.998000,10.240000,10.988000,10.988000,18198500
11.200000,11.636000,10.752000,10.798000,10.798000,27613000
11.198000,11.198000,10.600000,10.656000,10.656000,13714000
10.770000,11.054000,10.740000,10.822000,10.822000,15252000
11.294000,11.294000,10.900000,10.910000,10.910000,16893500
11.278000,11.932000,11.100000,11.900000,11.900000,21833500
12.400000,12.474000,11.024000,11.102000,11.102000,49955000
11.500000,11.640000,11.142000,11.158000,11.158000,33849500
14.024000,15.154000,12.738000,13.880000,13.880000,143025000
13.930000,16.200001,13.850000,15.352000,15.352000,125413000
16.198000,17.600000,15.830000,17.559999,17.559999,112084500
18.844000,19.424000,16.230000,16.648001,16.648001,185819500
16.360001,17.375999,15.622000,16.968000,16.968000,84393500
18.940001,19.000000,17.732000,18.450001,18.450001,108070000
18.500000,18.888000,17.500000,18.299999,18.299999,95011000
18.224001,18.500000,17.726000,17.988001,17.988001,41742000
17.700001,17.997999,17.056000,17.518000,17.518000,44991000
17.274000,18.191999,17.100000,17.448000,17.448000,42840000
16.962000,18.601999,16.610001,18.546000,18.546000,60111000
18.520000,19.590000,18.400000,19.416000,19.416000,80621000
20.309999,22.150000,20.059999,22.066000,22.066000,98459500
22.709999,22.980000,19.799999,20.926001,20.926001,125497500
20.492001,21.908001,20.240000,20.990000,20.990000,80668500
21.252001,21.288000,19.546000,19.552000,19.552000,75860000
19.524000,19.524000,17.650000,18.518000,18.518000,95698000
18.549999,19.284000,18.480000,18.968000,18.968000,44280500
18.732000,19.594000,17.822001,19.073999,19.073999,61124000
19.049999,19.854000,19.021999,19.469999,19.469999,47554500
19.600000,20.580000,19.340000,20.408001,20.408001,53558000
19.785999,20.504000,19.714001,20.010000,20.010000,46143000
19.636000,19.736000,18.809999,18.893999,18.893999,36970000
19.360001,20.096001,19.150000,19.546000,19.546000,45963500
19.799999,19.856001,19.024000,19.636000,19.636000,29808000
20.000000,20.504000,19.865999,20.059999,20.059999,32823500
20.719999,20.950001,20.240000,20.440001,20.440001,35331000
20.350000,20.796000,19.840000,20.677999,20.677999,43976500
20.412001,21.334000,20.402000,20.936001,20.936001,42894500
20.930000,21.426001,19.889999,20.129999,20.129999,50532500
20.740000,20.740000,19.500000,19.910000,19.910000,58593000
19.299999,20.573999,19.059999,20.298000,20.298000,35599000
20.620001,20.840000,20.110001,20.480000,20.480000,29243500
20.760000,21.174000,20.532000,21.143999,21.143999,33013000
21.350000,22.049999,21.226000,21.850000,21.850000,43724500
21.714001,21.888000,21.341999,21.472000,21.472000,28743000
21.872000,23.554001,21.830000,23.436001,23.436001,54518000
23.650000,24.378000,23.100000,23.563999,23.563999,60320500
23.600000,23.850000,22.854000,23.048000,23.048000,24033500
23.664000,24.056000,23.139999,24.018000,24.018000,34093500
24.274000,24.436001,23.764000,24.322001,24.322001,39071000
24.927999,25.063999,24.382000,24.690001,24.690001,43016500
24.638000,24.650000,24.158001,24.454000,24.454000,28000500
24.976000,25.218000,24.469999,25.122000,25.122000,37418000
25.100000,25.988001,24.902000,25.980000,25.980000,56720000
26.606001,26.652000,25.364000,25.452000,25.452000,49612000
25.256001,25.264000,21.459999,21.809999,21.809999,161859500
21.304001,24.323999,20.900000,24.049999,24.049999,130145000
24.194000,24.546000,23.236000,23.806000,23.806000,56990500
23.700001,24.110001,23.302000,23.936001,23.936001,29451500
23.978001,25.336000,23.976000,24.486000,24.486000,48989000
24.799999,25.112000,24.364000,24.548000,24.548000,38682000
24.893999,24.900000,23.912001,24.340000,24.340000,34345000
24.080000,24.950001,24.038000,24.813999,24.813999,26421500
25.628000,26.136000,25.322001,25.878000,25.878000,48165500
25.864000,27.073999,25.650000,26.924000,26.924000,48394500
26.959999,27.497999,25.636000,26.348000,26.348000,65635000
26.514000,26.993999,26.290001,26.856001,26.856001,31758500
27.000000,27.304001,26.525999,27.110001,27.110001,26618000
26.917999,27.650000,26.722000,27.600000,27.600000,31349500
28.002001,28.978001,27.930000,28.936001,28.936001,51003500
28.950001,29.146000,28.219999,28.430000,28.430000,46272500
28.378000,28.389999,26.472000,26.846001,26.846001,91061000
30.870001,31.775999,30.091999,30.695999,30.695999,136234000
30.480000,31.190001,30.250000,30.600000,30.600000,44638500
29.886000,30.100000,28.410000,29.476000,29.476000,74561000
29.900000,29.968000,28.889999,29.086000,29.086000,43744500
28.544001,28.968000,27.610001,27.872000,27.872000,58469000
27.285999,28.719999,27.000000,27.934000,27.934000,50896000
28.326000,28.782000,28.194000,28.400000,28.400000,35540500
28.686001,29.476000,28.566000,28.980000,28.980000,40188500
29.730000,29.955999,29.400000,29.916000,29.916000,32091000
30.000000,30.062000,29.250000,29.572001,29.572001,31331500
29.844000,31.496000,29.628000,31.420000,31.420000,52962000
31.400000,32.459999,31.000000,32.368000,32.368000,64659500
33.029999,34.599998,32.049999,32.844002,32.844002,120855500
32.459999,33.759998,32.189999,33.402000,33.402000,87834500
33.812000,34.299999,32.650002,33.290001,33.290001,73700500
32.844002,33.549999,32.501999,33.212002,33.212002,47180000
33.273998,33.841999,32.792000,33.799999,33.799999,55142000
34.680000,34.740002,33.279999,33.787998,33.787998,60305500
33.953999,34.324001,33.112000,34.124001,34.124001,57378500
34.020000,34.299999,33.650002,33.986000,33.986000,33426500
33.714001,33.939999,33.029999,33.394001,33.394001,43098500
32.624001,32.900002,31.702000,32.139999,32.139999,71722500
32.290001,33.500000,32.125999,33.273998,33.273998,44839000
33.282001,33.580002,32.425999,32.703999,32.703999,29162500
32.799999,33.352001,32.102001,32.986000,32.986000,30800000
32.554001,33.273998,32.431999,33.108002,33.108002,27006000
33.599998,34.169998,33.169998,33.316002,33.316002,37874500
33.015999,33.683998,32.672001,33.245998,33.245998,27484500
33.414001,33.490002,32.840000,33.243999,33.243999,27198500
34.160000,36.094002,33.816002,35.584000,35.584000,77973000
35.779999,37.166000,35.712002,36.678001,36.678001,67008500
36.896000,37.096001,35.422001,36.222000,36.222000,40867000
35.827999,36.992001,35.529999,36.466000,36.466000,31367000
36.712002,37.259998,36.099998,37.048000,37.048000,41263500
37.340000,37.936001,37.122002,37.728001,37.728001,33072000
37.504002,38.256001,37.285999,38.180000,38.180000,29582000
37.799999,38.900002,37.599998,38.674000,38.674000,44623500
38.792000,38.846001,37.674000,38.599998,38.599998,38779500
37.717999,38.366001,35.080002,36.189999,36.189999,103877000
35.009998,35.938000,33.599998,34.661999,34.661999,119082500
35.279999,36.236000,34.529999,36.195999,36.195999,72070000
36.492001,37.346001,36.051998,36.613998,36.613998,57428000
36.880001,37.186001,34.641998,34.945999,34.945999,68786000
34.945999,34.998001,32.299999,33.756001,33.756001,76582500
34.618000,35.150002,33.938000,34.585999,34.585999,44419500
34.549999,35.858002,34.240002,35.740002,35.740002,41555500
35.000000,36.500000,34.830002,35.944000,35.944000,38848000
37.056000,37.757999,36.636002,36.787998,36.787998,54892500
36.980000,37.459999,36.417999,36.712002,36.712002,41027000
36.708000,36.959999,36.198002,36.560001,36.560001,33525000
36.830002,37.192001,36.504002,36.680000,36.680000,29654000
36.655998,36.678001,34.200001,34.520000,34.520000,57660500
34.099998,35.556000,33.222000,34.307999,34.307999,56933500
33.782001,34.362000,32.029999,32.900002,32.900002,66602000
33.000000,34.900002,32.566002,34.630001,34.630001,54128500
34.841999,34.900002,33.360001,33.931999,33.931999,37977500
34.035999,34.099998,32.439999,32.571999,32.571999,39208500
32.551998,33.090000,30.600000,32.894001,32.894001,70558500
32.925999,33.535999,31.634001,31.844000,31.844000,42009000
31.134001,32.487999,30.660000,31.988001,31.988001,46669000
32.599998,33.180000,32.082001,32.433998,32.433998,35903000
33.000000,35.077999,32.844002,35.040001,35.040001,65602000
36.000000,36.285999,34.271999,35.362000,35.362000,112335500
30.962000,32.146000,29.270000,30.232000,30.232000,155358500
28.837999,29.129999,27.524000,27.954000,27.954000,111423500
27.296000,28.120001,26.464001,27.590000,27.590000,112389500
28.200001,29.084000,27.420000,28.940001,28.940001,69988000
28.938000,28.940001,27.236000,27.559999,27.559999,74926000
28.167999,28.474001,27.268000,27.740000,27.740000,63291500
27.784000,28.080000,26.822001,27.520000,27.520000,61018500
27.370001,27.590000,26.870001,27.090000,27.090000,49501000
27.054001,27.090000,23.922001,24.316000,24.316000,115691000
23.886000,25.799999,23.844000,25.218000,25.218000,99081000
25.216000,25.490000,23.812000,24.222000,24.222000,69248000
24.577999,24.958000,24.049999,24.420000,24.420000,59519000
24.316000,24.549999,23.586000,24.275999,24.275999,55483500
24.900000,25.167999,24.059999,24.167999,24.167999,51336500
23.875999,24.544001,23.219999,24.100000,24.100000,69427500
24.261999,25.389999,23.903999,25.388000,25.388000,61838000
25.954000,26.118000,25.396000,25.455999,25.455999,48581000
25.270000,25.709999,24.785999,24.834000,24.834000,38756000
26.535999,28.988001,26.318001,28.940001,28.940001,128412000
28.864000,28.886000,27.426001,27.790001,27.790001,65738500
28.030001,28.670000,27.900000,28.096001,28.096001,46442000
28.302000,28.497999,27.260000,27.472000,27.472000,39548000
27.400000,28.340000,26.841999,28.320000,28.320000,45307500
28.010000,29.174000,27.972000,28.438000,28.438000,53741000
28.375999,28.610001,27.898001,27.930000,27.930000,35689000
27.940001,29.648001,27.705999,29.493999,29.493999,53839000
29.610001,30.360001,29.464001,29.530001,29.530001,52959500
29.695999,30.086000,29.219999,29.587999,29.587999,33376500
29.516001,30.926001,29.264000,30.492001,30.492001,52475000
30.448000,30.980000,29.190001,29.596001,29.596001,57909500
29.379999,29.400000,27.820000,28.143999,28.143999,63700000
28.316000,28.870001,28.316000,28.648001,28.648001,37063000
28.969999,29.247999,28.520000,28.709999,28.709999,26927500
30.000000,30.993999,29.964001,30.282000,30.282000,49707500
31.007999,31.600000,30.858000,31.100000,31.100000,35647500
31.059999,31.100000,30.160000,30.224001,30.224001,27301000
30.224001,30.962000,30.150000,30.488001,30.488001,22337500
30.464001,30.639999,29.732000,30.086000,30.086000,21312000
29.959999,30.496000,29.309999,30.020000,30.020000,30942000
30.000000,30.438000,29.719999,29.912001,29.912001,23475000
30.000000,30.080000,29.048000,29.400000,29.400000,26805500
29.524000,30.080000,29.049999,29.872000,29.872000,25170500
29.770000,30.740000,29.752001,30.256001,30.256001,30816000
30.500000,30.686001,29.370001,29.506001,29.506001,26910000
29.691999,29.780001,28.450001,29.143999,29.143999,37230500
29.156000,29.400000,27.563999,27.868000,27.868000,31580500
28.100000,32.400002,27.334000,32.254002,32.254002,138035000
33.689999,34.445999,32.419998,32.826000,32.826000,102328000
32.500000,34.540001,32.480000,34.194000,34.194000,59797000
34.037998,34.639999,33.590000,34.001999,34.001999,46031000
34.248001,35.458000,34.161999,35.335999,35.335999,48673500
35.562000,36.063999,34.952000,35.712002,35.712002,35113000
35.445999,36.476002,34.683998,36.299999,36.299999,39337000
35.570000,36.096001,34.706001,34.919998,34.919998,38321500
35.032001,35.584000,32.942001,33.924000,33.924000,43582000
34.299999,35.796001,34.200001,35.675999,35.675999,30467000
35.060001,35.818001,34.625999,35.046001,35.046001,29677500
35.599998,36.956001,35.402000,36.568001,36.568001,42825000
35.770000,37.200001,35.702000,36.282001,36.282001,32544000
36.577999,36.976002,35.032001,35.422001,35.422001,33824500
36.139999,36.320000,35.240002,35.745998,35.745998,23431500
35.660000,36.118000,33.872002,34.883999,34.883999,36340000
35.259998,36.021999,35.200001,35.675999,35.675999,29208000
36.202000,37.326000,35.919998,37.306000,37.306000,44642500
37.868000,39.860001,37.863998,39.312000,39.312000,64853500
39.793999,40.439999,38.540001,39.324001,39.324001,53549500
39.155998,39.653999,38.863998,39.063999,39.063999,25868500
38.667999,40.543999,38.650002,39.925999,39.925999,40146500
39.619999,40.375999,39.400002,39.646000,39.646000,30790000
41.048000,41.200001,40.271999,40.740002,40.740002,46664000
40.740002,40.740002,38.681999,38.728001,38.728001,80845000
43.001999,43.042000,41.254002,41.993999,41.993999,90011500
42.327999,42.796001,41.838001,41.919998,41.919998,39094000
41.751999,43.672001,41.664001,43.529999,43.529999,41392000
46.000000,51.840000,45.689999,49.599998,49.599998,163408500
51.716000,53.000000,49.500000,50.599998,50.599998,123023000
52.250000,52.380001,49.666000,50.507999,50.507999,89729000
49.930000,50.535999,48.509998,48.962002,48.962002,72949000
47.452000,50.330002,46.998001,50.112000,50.112000,65446500
51.695999,52.000000,50.566002,50.967999,50.967999,43728000
51.344002,51.397999,50.360001,50.532001,50.532001,29678500
50.827999,51.500000,49.889999,50.588001,50.588001,36805500
50.588001,50.970001,48.882000,49.242001,49.242001,39061500
48.540001,48.599998,47.212002,47.768002,47.768002,38640500
47.299999,48.919998,46.486000,46.882000,46.882000,44050500
46.299999,49.500000,46.222000,48.298000,48.298000,48772000
48.757999,48.838001,46.799999,47.557999,47.557999,31181500
47.057999,47.388000,45.664001,46.194000,46.194000,41448500
46.990002,47.585999,46.099998,46.796001,46.796001,29563000
47.389999,48.299999,47.004002,48.007999,48.007999,31211500
48.278000,48.310001,46.702000,47.167999,47.167999,25356500
47.231998,47.849998,46.672001,46.981998,46.981998,19089500
47.203999,47.240002,45.500000,45.778000,45.778000,41084500
45.950001,45.980000,42.054001,44.034000,44.034000,56644000
44.827999,45.410000,43.580002,44.088001,44.088001,39327000
44.389999,44.520000,42.270000,42.591999,42.591999,34536500
42.473999,42.720001,40.599998,41.464001,41.464001,47478500
42.560001,43.344002,42.054001,42.473999,42.473999,48424000
43.299999,43.349998,41.278000,41.689999,41.689999,41900000
41.804001,43.632000,41.716000,43.394001,43.394001,36857000
44.000000,46.178001,43.610001,46.057999,46.057999,53911500
46.060001,47.146000,44.400002,45.080002,45.080002,54618500
45.202000,45.653999,42.250000,42.445999,42.445999,56728000
41.161999,43.240002,40.702000,41.504002,41.504002,49277500
42.009998,43.298000,41.284000,43.091999,43.091999,34446500
43.352001,43.689999,42.178001,43.386002,43.386002,25789500
43.363998,43.500000,40.757999,40.838001,40.838001,36057500
40.122002,41.400002,39.720001,40.756001,40.756001,45336000
41.520000,41.688000,38.882000,39.618000,39.618000,38515000
39.818001,39.858002,36.863998,38.782001,38.782001,68296500
39.400002,39.998001,38.164001,39.821999,39.821999,36011000
39.922001,40.458000,38.816002,39.624001,39.624001,29634000
39.416000,41.240002,38.799999,40.875999,40.875999,26291000
41.271999,43.866001,41.001999,43.728001,43.728001,49023500
43.265999,43.348000,41.400002,41.598000,41.598000,36478000
42.161999,42.560001,40.639999,41.571999,41.571999,27476000
40.400002,41.340000,39.529999,39.970001,39.970001,34983500
40.000000,40.757999,38.099998,39.702000,39.702000,35210000
39.641998,41.430000,39.105999,41.383999,41.383999,28895500
40.720001,41.632000,40.256001,41.577999,41.577999,22203000
41.416000,42.804001,41.138000,41.546001,41.546001,27199500
41.720001,42.271999,41.304001,42.181999,42.181999,20434000
41.896000,43.537998,41.703999,43.321999,43.321999,25735000
43.320000,43.731998,41.369999,41.456001,41.456001,28183500
41.928001,42.040001,39.450001,40.270000,40.270000,50896500
36.400002,38.880001,35.599998,35.717999,35.717999,100283000
35.972000,36.680000,35.444000,36.452000,36.452000,42476000
36.773998,37.438000,35.976002,36.933998,36.933998,35011500
36.751999,38.268002,36.599998,38.032001,38.032001,35486000
37.790001,38.695999,37.419998,38.124001,38.124001,27033500
37.995998,38.532001,37.060001,37.717999,37.717999,30202000
37.790001,38.408001,37.543999,38.312000,38.312000,22438500
38.144001,39.377998,38.000000,39.217999,39.217999,22858500
39.388000,39.866001,38.613998,39.060001,39.060001,27730500
39.236000,39.973999,38.958000,39.889999,39.889999,26427000
40.070000,41.375999,39.911999,40.976002,40.976002,31072500
40.905998,41.551998,40.500000,41.459999,41.459999,20034000
41.703999,42.773998,41.540001,42.312000,42.312000,26705500
42.004002,42.554001,41.051998,42.048000,42.048000,27475500
42.113998,42.498001,41.543999,42.048000,42.048000,18462500
42.060001,42.959999,41.403999,41.554001,41.554001,27905500
41.466000,41.869999,40.334000,40.939999,40.939999,23340500
40.698002,41.599998,40.518002,40.987999,40.987999,19304000
40.869999,41.251999,40.080002,40.798000,40.798000,17137000
40.894001,41.840000,40.810001,41.380001,41.380001,20273000
41.950001,42.161999,41.436001,41.633999,41.633999,15369000
41.590000,41.998001,40.840000,41.062000,41.062000,14028500
40.886002,41.394001,40.310001,40.459999,40.459999,17573500
40.299999,41.000000,39.849998,40.894001,40.894001,19887500
41.020000,41.976002,40.542000,40.703999,40.703999,29968500
40.956001,41.358002,40.316002,41.284000,41.284000,17721500
41.352001,45.098000,41.251999,44.922001,44.922001,66232000
44.821999,47.108002,44.570000,46.334000,46.334000,66524500
46.299999,46.341999,45.223999,45.424000,45.424000,34701000
45.776001,47.062000,45.400002,45.557999,45.557999,43965500
45.703999,46.257999,45.240002,45.917999,45.917999,24519500
45.902000,47.798000,45.644001,47.444000,47.444000,38955500
47.793999,48.375999,46.326000,46.500000,46.500000,40379500
46.610001,47.509998,46.048000,47.377998,47.377998,29008000
47.433998,48.080002,46.841999,47.119999,47.119999,25607000
46.938000,48.000000,46.900002,47.812000,47.812000,28175000
47.910000,48.897999,47.799999,48.012001,48.012001,24143000
48.492001,48.688000,47.740002,47.944000,47.944000,21680500
48.132000,48.466000,45.414001,45.886002,45.886002,40137000
46.257999,46.380001,44.799999,45.849998,45.849998,25833500
45.500000,45.956001,44.080002,44.532001,44.532001,29468500
43.730000,44.192001,42.854000,43.813999,43.813999,39181000
44.254002,44.844002,43.841999,44.612000,44.612000,20577000
43.436001,44.444000,43.208000,43.891998,43.891998,24319500
44.122002,44.320000,43.520000,43.625999,43.625999,16511500
43.998001,45.757999,43.090000,45.340000,45.340000,36016000
45.346001,45.529999,43.619999,43.916000,43.916000,28592500
44.363998,44.959999,43.363998,43.431999,43.431999,20222500
43.231998,44.110001,42.720001,43.080002,43.080002,23247000
43.189999,44.242001,43.186001,44.004002,44.004002,21268500
43.450001,44.641998,43.344002,44.108002,44.108002,19111000
44.438000,44.660000,43.821999,43.916000,43.916000,13650000
44.001999,44.950001,43.886002,44.498001,44.498001,15416500
44.650002,45.020000,44.160000,44.708000,44.708000,16227500
44.543999,45.394001,44.349998,44.714001,44.714001,15435500
44.849998,46.400002,44.279999,44.964001,44.964001,32571500
45.321999,45.660000,44.972000,45.001999,45.001999,16912000
44.383999,45.919998,44.208000,45.784000,45.784000,24639000
45.852001,46.279999,44.299999,44.660000,44.660000,38745500
45.217999,47.500000,45.200001,46.653999,46.653999,59479000
46.875999,48.099998,46.653999,47.703999,47.703999,29798500
47.493999,48.598000,47.138000,47.698002,47.698002,26943000
47.779999,50.284000,47.716000,49.785999,49.785999,46246500
50.023998,51.338001,49.824001,50.478001,50.478001,37394500
50.231998,50.352001,49.299999,49.625999,49.625999,25450500
51.096001,52.748001,51.000000,51.863998,51.863998,40506500
51.616001,52.060001,50.916000,51.992001,51.992001,31911500
52.402000,53.127998,51.922001,52.062000,52.062000,34663000
52.498001,52.599998,51.299999,52.276001,52.276001,20633000
52.296001,52.417999,51.700001,52.402000,52.402000,19339500
52.650002,53.452000,51.950001,51.987999,51.987999,29246000
51.773998,51.866001,50.324001,51.352001,51.352001,26674000
50.933998,51.748001,50.599998,51.141998,51.141998,15139500
51.304001,51.759998,50.652000,50.868000,50.868000,14578000
50.908001,51.389999,50.521999,51.355999,51.355999,14167000
51.638000,52.736000,51.638000,52.509998,52.509998,21590500
52.995998,53.099998,52.332001,52.348000,52.348000,19090000
52.700001,52.848000,52.057999,52.650002,52.650002,14925500
52.377998,52.896000,52.327999,52.771999,52.771999,14224500
53.740002,54.400002,53.501999,53.939999,53.939999,32235500
55.099998,56.978001,54.860001,56.824001,56.824001,49262000
57.534000,57.599998,56.020000,56.237999,56.237999,33861500
56.801998,58.284000,56.080002,57.208000,57.208000,41708500
56.509998,56.580002,54.501999,55.478001,55.478001,55849500
55.523998,56.976002,55.504002,56.422001,56.422001,27508000
56.598000,57.098000,55.400002,55.695999,55.695999,22794000
55.900002,56.282001,54.731998,56.220001,56.220001,18906500
56.091999,56.958000,55.726002,56.062000,56.062000,18830500
56.099998,56.478001,55.400002,55.840000,55.840000,16623000
54.874001,54.880001,49.826000,50.771999,50.771999,82277000
51.029999,52.492001,50.484001,52.147999,52.147999,41500500
52.481998,52.939999,51.900002,52.276001,52.276001,25888500
52.672001,53.119999,52.464001,52.764000,52.764000,18463000
51.598000,52.285999,51.054001,51.863998,51.863998,34054500
51.000000,51.203999,48.942001,50.006001,50.006001,41070500
49.043999,50.759998,49.000000,50.082001,50.082001,28293500
50.223999,50.568001,49.408001,50.428001,50.428001,18747500
50.504002,50.992001,49.220001,49.389999,49.389999,24171000
49.650002,49.945999,49.214001,49.320000,49.320000,18977000
48.799999,49.728001,48.276001,49.051998,49.051998,24263500
49.383999,49.529999,48.023998,48.535999,48.535999,21191500
48.439999,48.532001,47.130001,48.048000,48.048000,29708500
50.040001,50.557999,49.071999,50.284000,50.284000,44991000
50.612000,51.299999,50.206001,51.042000,51.042000,27031500
51.826000,52.498001,51.560001,52.124001,52.124001,38566500
51.706001,52.292000,51.146000,51.914001,51.914001,22427500
52.020000,52.576000,50.528000,51.855999,51.855999,25275500
52.450001,53.108002,50.880001,51.402000,51.402000,36806500
48.928001,49.178001,47.040001,47.382000,47.382000,64441500
47.714001,47.792000,44.200001,44.917999,44.917999,56343500
45.650002,46.493999,44.599998,45.411999,45.411999,35526500
44.000000,46.198002,43.464001,45.939999,45.939999,45736500
43.944000,45.984001,43.820000,45.270000,45.270000,26996500
46.675999,46.953999,45.310001,45.495998,45.495998,52747000
45.344002,46.480000,45.102001,46.094002,46.094002,17472000
46.854000,47.077999,46.160000,47.068001,47.068001,20651500
46.638000,47.478001,46.112000,46.220001,46.220001,20583000
46.931999,47.256001,46.400002,47.057999,47.057999,17462000
47.254002,47.560001,46.240002,47.048000,47.048000,17316500
46.849998,46.922001,44.062000,44.334000,44.334000,47766500
45.919998,48.919998,45.650002,48.554001,48.554001,52581500
48.226002,48.299999,47.127998,47.619999,47.619999,24812500
47.627998,48.099998,47.012001,47.731998,47.731998,16142000
48.501999,48.624001,47.750000,48.340000,48.340000,18876500
48.599998,49.512001,48.264000,48.518002,48.518002,21019000
48.098000,48.470001,47.306000,47.785999,47.785999,18413000
48.200001,48.271999,46.105999,46.194000,46.194000,45229500
46.897999,49.338001,45.700001,48.243999,48.243999,76773500
48.438000,48.568001,47.439999,48.040001,48.040001,25805000
47.821999,48.576000,47.360001,48.386002,48.386002,22886000
48.509998,50.363998,48.400002,50.216000,50.216000,39744000
49.944000,50.467999,49.116001,49.820000,49.820000,29354000
50.124001,51.150002,50.049999,50.340000,50.340000,31180000
50.000000,51.770000,49.700001,51.736000,51.736000,30505500
51.498001,51.799999,50.403999,50.796001,50.796001,20128500
51.172001,51.998001,51.102001,51.540001,51.540001,22365000
50.122002,50.375999,49.119999,49.548000,49.548000,39592500
49.590000,50.186001,49.200001,49.742001,49.742001,17936000
50.442001,50.556000,48.433998,48.556000,48.556000,37425500
49.040001,49.520000,48.127998,49.344002,49.344002,23948500
49.470001,49.944000,49.217999,49.618000,49.618000,15799000
49.667999,49.799999,49.320000,49.688000,49.688000,9906000
49.070000,49.338001,48.504002,48.903999,48.903999,10598500
48.231998,48.493999,45.801998,46.327999,46.327999,43097000
46.914001,46.976002,45.599998,46.285999,46.285999,29435000
45.250000,45.944000,45.099998,45.860001,45.860001,26538500
45.720001,46.180000,45.562000,45.655998,45.655998,19278000
45.734001,45.877998,44.452000,44.742001,44.742001,30318000
44.307999,44.972000,42.467999,42.872002,42.872002,46128000
41.868000,43.546001,40.854000,43.377998,43.377998,47157500
42.826000,43.354000,41.540001,41.967999,41.967999,36570500
42.105999,43.085999,41.646000,41.776001,41.776001,33472000
40.964001,42.335999,40.900002,41.400002,41.400002,35869000
41.858002,41.959999,40.534000,40.807999,40.807999,26091500
40.178001,40.736000,39.074001,39.562000,39.562000,42130500
38.612000,41.330002,38.529999,41.164001,41.164001,36839000
42.476002,43.688000,42.360001,43.652000,43.652000,37416500
44.037998,44.080002,42.900002,43.858002,43.858002,34552500
44.000000,44.812000,43.652000,44.520000,44.520000,23997000
44.762001,44.863998,43.903999,44.194000,44.194000,22528500
43.953999,44.500000,43.849998,44.452000,44.452000,6661000
44.301998,45.700001,44.299999,45.563999,45.563999,16635000
45.380001,45.582001,44.804001,45.141998,45.141998,14012500
44.798000,45.130001,44.279999,44.445999,44.445999,14516000
44.618000,45.136002,44.450001,44.481998,44.481998,11487500
44.574001,44.650002,42.652000,43.862000,43.862000,23822000
42.910000,43.299999,41.431999,42.018002,42.018002,26842500
42.012001,42.840000,40.841999,42.256001,42.256001,31309500
42.669998,42.956001,41.956001,42.189999,42.189999,14842000
42.562000,42.759998,42.001999,42.124001,42.124001,17212500
41.784000,41.995998,40.992001,41.332001,41.332001,23341500
40.610001,40.894001,39.849998,40.442001,40.442001,29751500
40.664001,41.521999,40.181999,40.849998,40.849998,22386500
37.166000,39.040001,37.000000,38.537998,38.537998,57759500
38.897999,39.150002,38.000000,38.374001,38.374001,26082500
38.139999,38.897999,37.930000,38.613998,38.613998,18016000
38.773998,38.824001,37.408001,38.386002,38.386002,22516000
37.910000,39.736000,37.902000,39.313999,39.313999,20765000
39.400002,40.647999,39.040001,40.324001,40.324001,20584500
40.057999,40.700001,39.666000,40.257999,40.257999,17193000
40.366001,41.723999,40.209999,41.310001,41.310001,16172500
40.883999,41.605999,40.660000,41.195999,41.195999,13905000
41.222000,41.273998,39.683998,39.874001,39.874001,15748000
40.214001,41.195999,39.299999,41.040001,41.040001,17740500
40.792000,41.493999,40.599998,40.720001,40.720001,15035000
40.793999,42.389999,40.660000,42.188000,42.188000,20746000
42.644001,44.074001,42.254002,43.672001,43.672001,24131000
43.658001,44.296001,43.360001,43.709999,43.709999,16527000
43.976002,45.096001,43.928001,44.198002,44.198002,17614500
44.400002,44.680000,43.299999,43.472000,43.472000,16219500
43.076000,43.585999,42.397999,43.495998,43.495998,17362000
43.509998,44.099998,43.000000,43.257999,43.257999,26952500
42.442001,42.948002,41.456001,42.560001,42.560001,48845500
38.714001,40.618000,38.655998,40.576000,40.576000,78248000
40.580002,41.198002,40.181999,40.754002,40.754002,30955000
41.139999,41.139999,40.299999,40.869999,40.869999,19898000
40.834000,41.234001,40.520000,40.891998,40.891998,13568000
41.000000,42.487999,40.750000,42.341999,42.341999,25770500
42.155998,43.520000,41.962002,43.422001,43.422001,29910500
43.132000,43.639999,41.265999,41.467999,41.467999,42499000
41.458000,41.458000,40.340000,40.821999,40.821999,33018000
40.987999,41.428001,40.515999,40.751999,40.751999,19547500
40.799999,42.217999,40.444000,41.438000,41.438000,32364500
41.380001,41.709999,40.560001,40.667999,40.667999,19410500
40.540001,40.667999,39.166000,39.466000,39.466000,39610500
39.362000,40.048000,39.063999,39.911999,39.911999,22161500
39.849998,40.504002,39.442001,40.487999,40.487999,21110000
40.570000,41.237999,40.029999,40.125999,40.125999,24385000
39.841999,40.150002,38.430000,38.776001,38.776001,33562000
38.877998,38.897999,37.650002,38.175999,38.175999,33683500
37.692001,38.700001,37.520000,38.063999,38.063999,27898500
38.230000,39.236000,38.202000,38.748001,38.748001,24874500
38.750000,38.889999,37.950001,38.214001,38.214001,20746500
37.790001,38.349998,37.464001,37.736000,37.736000,27171500
38.400002,39.181999,37.959999,39.139999,39.139999,28144000
39.085999,39.742001,38.787998,38.945999,38.945999,24470500
38.992001,40.175999,38.622002,40.141998,40.141998,24104500
40.400002,40.917999,38.905998,39.130001,39.130001,42376000
39.490002,39.798000,39.124001,39.616001,39.616001,21347500
39.700001,40.099998,39.493999,39.925999,39.925999,13158000
40.316002,40.757999,39.950001,40.344002,40.344002,18249500
39.653999,39.717999,38.540001,38.860001,38.860001,28652000
38.784000,38.958000,37.939999,38.082001,38.082001,20640000
37.813999,37.858002,36.279999,37.000000,37.000000,43024500
37.169998,38.450001,36.360001,38.113998,38.113998,50447500
38.706001,38.751999,37.681999,37.754002,37.754002,25133000
37.740002,38.459999,37.209999,37.518002,37.518002,18973000
38.046001,38.646000,38.000000,38.200001,38.200001,25052000
39.599998,41.549999,39.500000,40.619999,40.619999,62279000
40.501999,41.012001,40.228001,40.650002,40.650002,21739500
41.639999,42.180000,41.174000,41.534000,41.534000,31515500
41.686001,42.074001,41.223999,42.018002,42.018002,19001000
41.970001,42.330002,41.799999,42.180000,42.180000,20338500
42.088001,42.599998,41.810001,41.956001,41.956001,18791000
41.714001,41.897999,41.099998,41.492001,41.492001,15130000
41.492001,41.917999,41.320000,41.566002,41.566002,9762000
41.540001,41.834000,41.257999,41.340000,41.340000,8295500
40.998001,41.375999,40.700001,41.358002,41.358002,12349500
41.355999,41.570000,40.770000,41.054001,41.054001,12796500
41.160000,42.150002,40.862000,41.882000,41.882000,17162500
42.500000,44.375999,42.338001,43.888000,43.888000,39315000
43.653999,44.296001,43.430000,43.720001,43.720001,22056000
44.099998,44.160000,43.602001,43.686001,43.686001,12139000
44.512001,47.750000,44.400002,46.310001,46.310001,58363000
46.950001,47.099998,45.605999,46.096001,46.096001,30427000
46.009998,46.993999,45.526001,46.490002,46.490002,19680500
46.077999,46.577999,45.034000,45.209999,45.209999,19559500
45.987999,46.354000,44.082001,45.206001,45.206001,26408500
45.636002,46.945999,45.422001,46.102001,46.102001,22173000
47.551998,47.900002,45.826000,46.590000,46.590000,28984500
46.820000,46.894001,45.639999,46.085999,46.085999,26354500
44.200001,47.495998,44.049999,47.360001,47.360001,47279500
47.198002,47.681999,46.740002,47.321999,47.321999,23341000
47.257999,48.576000,47.062000,47.897999,47.897999,28361500
48.021999,49.270000,47.638000,48.948002,48.948002,31817000
49.521999,49.660000,48.450001,48.636002,48.636002,27201000
48.964001,48.978001,48.250000,48.820000,48.820000,14479500
48.785999,49.880001,48.500000,49.768002,49.768002,22638000
49.400002,49.980000,49.200001,49.750000,49.750000,16766000
49.686001,50.200001,49.230000,49.428001,49.428001,18371000
49.425999,49.548000,48.273998,48.869999,48.869999,18778000
48.605999,49.324001,48.472000,49.124001,49.124021,17008765